param PESOMAX := 1250000;
param : ELEMENTOS : VALOR PESO :=
1 721 621
2 579 479
3 131 31
4 986 886
5 444 344
6 290 190
7 886 786
8 559 459
9 467 367
10 868 768
11 477 377
12 686 586
13 982 882
14 579 479
15 289 189
16 189 89
17 593 493
18 599 499
19 924 824
20 983 883
21 138 38
22 916 816
23 812 712
24 872 772
25 725 625
26 832 732
27 883 783
28 361 261
29 648 548
30 520 420
31 543 443
32 383 283
33 825 725
34 970 870
35 140 40
36 930 830
37 783 683
38 526 426
39 866 766
40 983 883
41 371 271
42 847 747
43 480 380
44 603 503
45 917 817
46 334 234
47 427 327
48 738 638
49 596 496
50 194 94
51 501 401
52 890 790
53 385 285
54 807 707
55 1015 915
56 1023 923
57 585 485
58 1028 928
59 990 890
60 657 557
61 800 700
62 701 601
63 428 328
64 785 685
65 203 103
66 915 815
67 723 623
68 437 337
69 763 663
70 1054 954
71 1026 926
72 995 895
73 389 289
74 537 437
75 976 876
76 784 684
77 679 579
78 166 66
79 791 691
80 978 878
81 198 98
82 952 852
83 792 692
84 810 710
85 781 681
86 226 126
87 638 538
88 200 100
89 743 643
90 836 736
91 176 76
92 910 810
93 501 401
94 692 592
95 442 342
96 835 735
97 158 58
98 645 545
99 298 198
100 634 534
101 451 351
102 271 171
103 837 737
104 637 537
105 614 514
106 683 583
107 898 798
108 1054 954
109 907 807
110 910 810
111 638 538
112 550 450
113 898 798
114 426 326
115 841 741
116 122 22
117 972 872
118 269 169
119 919 819
120 865 765
121 427 327
122 583 483
123 772 672
124 1014 914
125 1061 961
126 927 827
127 260 160
128 981 881
129 447 347
130 504 404
131 626 526
132 596 496
133 343 243
134 349 249
135 865 765
136 1073 973
137 847 747
138 302 202
139 641 541
140 758 658
141 358 258
142 541 441
143 636 536
144 863 763
145 870 770
146 231 131
147 819 719
148 602 502
149 664 564
150 618 518
151 773 673
152 531 431
153 513 413
154 905 805
155 603 503
156 1099 999
157 164 64
158 574 474
159 814 714
160 717 617
161 341 241
162 702 602
163 689 589
164 285 185
165 697 597
166 344 244
167 882 782
168 462 362
169 385 285
170 302 202
171 526 426
172 116 16
173 903 803
174 221 121
175 839 739
176 163 63
177 326 226
178 660 560
179 173 73
180 233 133
181 523 423
182 432 332
183 642 542
184 802 702
185 699 599
186 106 6
187 989 889
188 993 893
189 313 213
190 443 343
191 160 60
192 354 254
193 275 175
194 501 401
195 682 582
196 953 853
197 992 892
198 410 310
199 570 470
200 368 268
201 902 802
202 473 373
203 492 392
204 619 519
205 1063 963
206 1007 907
207 606 506
208 820 720
209 304 204
210 186 86
211 808 708
212 709 609
213 1076 976
214 875 775
215 232 132
216 883 783
217 1040 940
218 1042 942
219 239 139
220 420 320
221 456 356
222 589 489
223 743 643
224 245 145
225 739 639
226 355 255
227 513 413
228 577 477
229 304 204
230 241 141
231 809 709
232 465 365
233 279 179
234 755 655
235 899 799
236 1091 991
237 619 519
238 929 829
239 516 416
240 1034 934
241 575 475
242 243 143
243 549 449
244 164 64
245 364 264
246 612 512
247 700 600
248 497 397
249 356 256
250 850 750
251 748 648
252 432 332
253 818 718
254 230 130
255 239 139
256 793 693
257 165 65
258 140 40
259 986 886
260 125 25
261 246 146
262 619 519
263 186 86
264 281 181
265 140 40
266 180 80
267 131 31
268 275 175
269 913 813
270 1088 988
271 349 249
272 358 258
273 499 399
274 691 591
275 356 256
276 160 60
277 1035 935
278 287 187
279 877 777
280 647 547
281 964 864
282 1056 956
283 293 193
284 584 484
285 1076 976
286 873 773
287 684 584
288 652 552
289 837 737
290 258 158
291 125 25
292 435 335
293 826 726
294 549 449
295 234 134
296 560 460
297 805 705
298 806 706
299 870 770
300 132 32
301 708 608
302 811 711
303 299 199
304 436 336
305 427 327
306 649 549
307 1000 900
308 598 498
309 786 686
310 1040 940
311 652 552
312 904 804
313 531 431
314 961 861
315 471 371
316 337 237
317 853 753
318 433 333
319 823 723
320 743 643
321 892 792
322 562 462
323 462 362
324 711 611
325 249 149
326 527 427
327 938 838
328 645 545
329 479 379
330 592 492
331 440 340
332 433 333
333 592 492
334 144 44
335 510 410
336 589 489
337 633 533
338 518 418
339 243 143
340 177 77
341 800 700
342 977 877
343 891 791
344 132 32
345 894 794
346 690 590
347 182 82
348 414 314
349 1062 962
350 1005 905
351 1090 990
352 557 457
353 358 258
354 196 96
355 321 221
356 465 365
357 690 590
358 710 610
359 272 172
360 921 821
361 905 805
362 358 258
363 337 237
364 1054 954
365 518 418
366 844 744
367 971 871
368 853 753
369 586 486
370 301 201
371 1061 961
372 1059 959
373 328 228
374 549 449
375 387 287
376 444 344
377 616 516
378 1070 970
379 1046 946
380 1074 974
381 473 373
382 427 327
383 790 690
384 917 817
385 837 737
386 726 626
387 200 100
388 172 72
389 882 782
390 930 830
391 845 745
392 877 777
393 320 220
394 997 897
395 617 517
396 417 317
397 1022 922
398 1011 911
399 180 80
400 403 303
401 315 215
402 1061 961
403 900 800
404 138 38
405 936 836
406 174 74
407 948 848
408 338 238
409 967 867
410 328 228
411 1055 955
412 178 78
413 266 166
414 1008 908
415 194 94
416 1032 932
417 845 745
418 467 367
419 438 338
420 585 485
421 687 587
422 535 435
423 899 799
424 433 333
425 271 171
426 149 49
427 182 82
428 1072 972
429 213 113
430 315 215
431 677 577
432 715 615
433 959 859
434 415 315
435 421 321
436 364 264
437 777 677
438 427 327
439 622 522
440 576 476
441 162 62
442 282 182
443 498 398
444 761 661
445 594 494
446 496 396
447 448 348
448 318 218
449 475 375
450 869 769
451 918 818
452 309 209
453 589 489
454 324 224
455 169 69
456 332 232
457 663 563
458 922 822
459 437 337
460 672 572
461 1001 901
462 191 91
463 947 847
464 708 608
465 762 662
466 308 208
467 903 803
468 659 559
469 499 399
470 363 263
471 133 33
472 322 222
473 886 786
474 380 280
475 233 133
476 337 237
477 668 568
478 1041 941
479 171 71
480 394 294
481 213 113
482 1056 956
483 455 355
484 279 179
485 713 613
486 977 877
487 703 603
488 997 897
489 214 114
490 931 831
491 825 725
492 501 401
493 1082 982
494 1026 926
495 181 81
496 794 694
497 607 507
498 979 879
499 1089 989
500 368 268
501 167 67
502 578 478
503 920 820
504 784 684
505 365 265
506 875 775
507 1083 983
508 103 3
509 1031 931
510 559 459
511 326 226
512 412 312
513 375 275
514 256 156
515 566 466
516 459 359
517 525 425
518 1024 924
519 677 577
520 1068 968
521 436 336
522 937 837
523 408 308
524 802 702
525 1091 991
526 378 278
527 738 638
528 206 106
529 844 744
530 694 594
531 799 699
532 1032 932
533 851 751
534 196 96
535 1075 975
536 771 671
537 999 899
538 813 713
539 579 479
540 847 747
541 680 580
542 363 263
543 536 436
544 979 879
545 457 357
546 194 94
547 622 522
548 638 538
549 575 475
550 604 504
551 135 35
552 497 397
553 376 276
554 597 497
555 139 39
556 493 393
557 281 181
558 556 456
559 978 878
560 835 735
561 1099 999
562 158 58
563 567 467
564 498 398
565 677 577
566 147 47
567 948 848
568 870 770
569 980 880
570 1006 906
571 396 296
572 963 863
573 813 713
574 971 871
575 636 536
576 473 373
577 760 660
578 818 718
579 891 791
580 287 187
581 820 720
582 180 80
583 191 91
584 187 87
585 497 397
586 875 775
587 754 654
588 1024 924
589 321 221
590 1083 983
591 494 394
592 746 646
593 464 364
594 601 501
595 499 399
596 776 676
597 584 484
598 779 679
599 443 343
600 474 374
601 885 785
602 777 677
603 703 603
604 867 767
605 155 55
606 874 774
607 202 102
608 406 306
609 274 174
610 911 811
611 621 521
612 266 166
613 1016 916
614 1036 936
615 253 153
616 249 149
617 950 850
618 959 859
619 528 428
620 820 720
621 630 530
622 785 685
623 1046 946
624 679 579
625 843 743
626 465 365
627 1037 937
628 924 824
629 207 107
630 336 236
631 433 333
632 292 192
633 156 56
634 702 602
635 272 172
636 733 633
637 485 385
638 769 669
639 754 654
640 1097 997
641 1084 984
642 1042 942
643 570 470
644 285 185
645 134 34
646 979 879
647 382 282
648 349 249
649 943 843
650 757 657
651 789 689
652 363 263
653 146 46
654 1006 906
655 860 760
656 869 769
657 416 316
658 493 393
659 1058 958
660 997 897
661 860 760
662 941 841
663 464 364
664 925 825
665 1039 939
666 765 665
667 927 827
668 282 182
669 421 321
670 801 701
671 377 277
672 640 540
673 925 825
674 1024 924
675 464 364
676 963 863
677 644 544
678 989 889
679 1100 1000
680 843 743
681 254 154
682 798 698
683 706 606
684 477 377
685 267 167
686 1012 912
687 319 219
688 1062 962
689 378 278
690 180 80
691 776 676
692 615 515
693 739 639
694 627 527
695 135 35
696 290 190
697 122 22
698 173 73
699 327 227
700 683 583
701 243 143
702 527 427
703 322 222
704 109 9
705 563 463
706 1099 999
707 243 143
708 505 405
709 373 273
710 688 588
711 1088 988
712 568 468
713 320 220
714 1069 969
715 168 68
716 980 880
717 593 493
718 852 752
719 263 163
720 603 503
721 562 462
722 158 58
723 1010 910
724 996 896
725 928 828
726 225 125
727 119 19
728 833 733
729 877 777
730 911 811
731 249 149
732 634 534
733 1017 917
734 700 600
735 144 44
736 185 85
737 933 833
738 745 645
739 1018 918
740 914 814
741 692 592
742 311 211
743 772 672
744 1060 960
745 228 128
746 226 126
747 227 127
748 1056 956
749 379 279
750 634 534
751 708 608
752 187 87
753 107 7
754 470 370
755 705 605
756 329 229
757 995 895
758 766 666
759 120 20
760 278 178
761 459 359
762 660 560
763 992 892
764 102 2
765 376 276
766 514 414
767 633 533
768 416 316
769 314 214
770 287 187
771 445 345
772 898 798
773 946 846
774 781 681
775 577 477
776 1043 943
777 1091 991
778 949 849
779 380 280
780 584 484
781 325 225
782 1029 929
783 677 577
784 364 264
785 721 621
786 1076 976
787 876 776
788 123 23
789 952 852
790 149 49
791 539 439
792 584 484
793 791 691
794 373 273
795 688 588
796 830 730
797 969 869
798 107 7
799 295 195
800 159 59
801 224 124
802 722 622
803 644 544
804 131 31
805 570 470
806 660 560
807 362 262
808 575 475
809 858 758
810 858 758
811 1087 987
812 602 502
813 345 245
814 795 695
815 623 523
816 201 101
817 335 235
818 665 565
819 228 128
820 608 508
821 288 188
822 140 40
823 861 761
824 900 800
825 893 793
826 331 231
827 729 629
828 453 353
829 880 780
830 512 412
831 478 378
832 1077 977
833 1063 963
834 714 614
835 325 225
836 334 234
837 391 291
838 675 575
839 810 710
840 350 250
841 834 734
842 816 716
843 1018 918
844 982 882
845 942 842
846 241 141
847 716 616
848 942 842
849 188 88
850 934 834
851 223 123
852 561 461
853 227 127
854 278 178
855 609 509
856 365 265
857 741 641
858 892 792
859 672 572
860 321 221
861 522 422
862 930 830
863 632 532
864 423 323
865 300 200
866 857 757
867 156 56
868 492 392
869 700 600
870 1085 985
871 932 832
872 110 10
873 464 364
874 156 56
875 165 65
876 769 669
877 573 473
878 780 680
879 1069 969
880 533 433
881 593 493
882 856 756
883 839 739
884 201 101
885 469 369
886 336 236
887 652 552
888 588 488
889 1069 969
890 174 74
891 358 258
892 424 324
893 635 535
894 543 443
895 943 843
896 445 345
897 751 651
898 916 816
899 875 775
900 545 445
901 555 455
902 657 557
903 1097 997
904 367 267
905 742 642
906 562 462
907 221 121
908 757 657
909 667 567
910 681 581
911 598 498
912 330 230
913 1037 937
914 1031 931
915 316 216
916 223 123
917 554 454
918 664 564
919 214 114
920 862 762
921 258 158
922 245 145
923 262 162
924 496 396
925 370 270
926 566 466
927 390 290
928 171 71
929 407 307
930 652 552
931 766 666
932 891 791
933 367 267
934 1061 961
935 461 361
936 908 808
937 152 52
938 290 190
939 392 292
940 389 289
941 475 375
942 422 322
943 976 876
944 217 117
945 560 460
946 443 343
947 934 834
948 218 118
949 1063 963
950 642 542
951 107 7
952 255 155
953 947 847
954 175 75
955 724 624
956 848 748
957 698 598
958 761 661
959 811 711
960 743 643
961 866 766
962 142 42
963 387 287
964 369 269
965 661 561
966 521 421
967 179 79
968 741 641
969 229 129
970 698 598
971 778 678
972 642 542
973 624 524
974 171 71
975 426 326
976 334 234
977 499 399
978 225 125
979 893 793
980 898 798
981 880 780
982 766 666
983 961 861
984 1080 980
985 202 102
986 362 262
987 779 679
988 571 471
989 338 238
990 853 753
991 267 167
992 405 305
993 987 887
994 247 147
995 173 73
996 211 111
997 528 428
998 310 210
999 980 880
1000 430 330
1001 395 295
1002 415 315
1003 101 1
1004 325 225
1005 743 643
1006 766 666
1007 460 360
1008 934 834
1009 405 305
1010 136 36
1011 731 631
1012 641 541
1013 473 373
1014 579 479
1015 162 62
1016 942 842
1017 789 689
1018 365 265
1019 214 114
1020 531 431
1021 178 78
1022 543 443
1023 1071 971
1024 316 216
1025 815 715
1026 745 645
1027 421 321
1028 947 847
1029 1010 910
1030 542 442
1031 184 84
1032 150 50
1033 871 771
1034 303 203
1035 825 725
1036 149 49
1037 349 249
1038 337 237
1039 455 355
1040 841 741
1041 437 337
1042 829 729
1043 1006 906
1044 631 531
1045 785 685
1046 881 781
1047 811 711
1048 1072 972
1049 166 66
1050 891 791
1051 545 445
1052 805 705
1053 868 768
1054 1041 941
1055 388 288
1056 261 161
1057 608 508
1058 168 68
1059 584 484
1060 215 115
1061 489 389
1062 1099 999
1063 756 656
1064 417 317
1065 481 381
1066 309 209
1067 671 571
1068 623 523
1069 144 44
1070 801 701
1071 806 706
1072 462 362
1073 138 38
1074 441 341
1075 345 245
1076 551 451
1077 842 742
1078 129 29
1079 1078 978
1080 956 856
1081 1068 968
1082 378 278
1083 865 765
1084 684 584
1085 766 666
1086 936 836
1087 264 164
1088 380 280
1089 1080 980
1090 907 807
1091 996 896
1092 1022 922
1093 883 783
1094 793 693
1095 182 82
1096 657 557
1097 152 52
1098 840 740
1099 1034 934
1100 344 244
1101 567 467
1102 763 663
1103 421 321
1104 796 696
1105 1009 909
1106 300 200
1107 890 790
1108 126 26
1109 357 257
1110 413 313
1111 1062 962
1112 509 409
1113 187 87
1114 245 145
1115 224 124
1116 444 344
1117 778 678
1118 196 96
1119 1018 918
1120 333 233
1121 336 236
1122 350 250
1123 181 81
1124 421 321
1125 903 803
1126 860 760
1127 300 200
1128 611 511
1129 633 533
1130 998 898
1131 1039 939
1132 304 204
1133 881 781
1134 854 754
1135 757 657
1136 400 300
1137 467 367
1138 372 272
1139 201 101
1140 453 353
1141 791 691
1142 553 453
1143 597 497
1144 167 67
1145 291 191
1146 1065 965
1147 496 396
1148 251 151
1149 1008 908
1150 818 718
1151 274 174
1152 568 468
1153 913 813
1154 967 867
1155 499 399
1156 190 90
1157 649 549
1158 409 309
1159 158 58
1160 181 81
1161 750 650
1162 361 261
1163 508 408
1164 139 39
1165 582 482
1166 805 705
1167 752 652
1168 456 356
1169 917 817
1170 854 754
1171 857 757
1172 105 5
1173 585 485
1174 560 460
1175 1044 944
1176 224 124
1177 835 735
1178 220 120
1179 185 85
1180 1060 960
1181 1055 955
1182 1021 921
1183 681 581
1184 727 627
1185 286 186
1186 600 500
1187 645 545
1188 296 196
1189 829 729
1190 277 177
1191 1049 949
1192 799 699
1193 809 709
1194 796 696
1195 1017 917
1196 641 541
1197 199 99
1198 269 169
1199 939 839
1200 409 309
1201 1039 939
1202 367 267
1203 135 35
1204 1059 959
1205 130 30
1206 1077 977
1207 381 281
1208 688 588
1209 465 365
1210 818 718
1211 417 317
1212 344 244
1213 1000 900
1214 218 118
1215 945 845
1216 675 575
1217 684 584
1218 634 534
1219 329 229
1220 255 155
1221 292 192
1222 266 166
1223 461 361
1224 638 538
1225 879 779
1226 963 863
1227 412 312
1228 605 505
1229 548 448
1230 224 124
1231 112 12
1232 618 518
1233 315 215
1234 1056 956
1235 315 215
1236 927 827
1237 662 562
1238 245 145
1239 390 290
1240 293 193
1241 384 284
1242 1046 946
1243 634 534
1244 1089 989
1245 241 141
1246 243 143
1247 1046 946
1248 168 68
1249 641 541
1250 907 807
1251 1008 908
1252 1079 979
1253 879 779
1254 565 465
1255 1028 928
1256 121 21
1257 619 519
1258 1005 905
1259 115 15
1260 739 639
1261 261 161
1262 364 264
1263 807 707
1264 768 668
1265 829 729
1266 201 101
1267 521 421
1268 484 384
1269 355 255
1270 404 304
1271 424 324
1272 657 557
1273 726 626
1274 886 786
1275 810 710
1276 362 262
1277 1071 971
1278 435 335
1279 419 319
1280 1012 912
1281 174 74
1282 1090 990
1283 248 148
1284 578 478
1285 278 178
1286 441 341
1287 955 855
1288 758 658
1289 841 741
1290 929 829
1291 949 849
1292 715 615
1293 897 797
1294 271 171
1295 1083 983
1296 539 439
1297 872 772
1298 1018 918
1299 963 863
1300 312 212
1301 447 347
1302 893 793
1303 235 135
1304 1089 989
1305 699 599
1306 188 88
1307 940 840
1308 935 835
1309 1045 945
1310 579 479
1311 852 752
1312 890 790
1313 332 232
1314 212 112
1315 255 155
1316 299 199
1317 894 794
1318 304 204
1319 772 672
1320 736 636
1321 744 644
1322 526 426
1323 937 837
1324 916 816
1325 225 125
1326 353 253
1327 560 460
1328 534 434
1329 261 161
1330 239 139
1331 601 501
1332 501 401
1333 984 884
1334 461 361
1335 264 164
1336 1088 988
1337 820 720
1338 582 482
1339 817 717
1340 488 388
1341 688 588
1342 1027 927
1343 330 230
1344 119 19
1345 512 412
1346 189 89
1347 483 383
1348 293 193
1349 362 262
1350 976 876
1351 1025 925
1352 1084 984
1353 649 549
1354 940 840
1355 353 253
1356 340 240
1357 979 879
1358 161 61
1359 697 597
1360 985 885
1361 483 383
1362 996 896
1363 1091 991
1364 487 387
1365 596 496
1366 1001 901
1367 1045 945
1368 161 61
1369 146 46
1370 901 801
1371 539 439
1372 997 897
1373 729 629
1374 546 446
1375 243 143
1376 872 772
1377 294 194
1378 475 375
1379 389 289
1380 603 503
1381 1064 964
1382 578 478
1383 419 319
1384 942 842
1385 243 143
1386 915 815
1387 463 363
1388 807 707
1389 424 324
1390 362 262
1391 1055 955
1392 177 77
1393 342 242
1394 818 718
1395 198 98
1396 408 308
1397 611 511
1398 375 275
1399 361 261
1400 385 285
1401 641 541
1402 853 753
1403 949 849
1404 916 816
1405 525 425
1406 858 758
1407 692 592
1408 200 100
1409 854 754
1410 108 8
1411 803 703
1412 670 570
1413 704 604
1414 900 800
1415 761 661
1416 334 234
1417 568 468
1418 329 229
1419 785 685
1420 542 442
1421 432 332
1422 391 291
1423 1021 921
1424 643 543
1425 756 656
1426 852 752
1427 834 734
1428 130 30
1429 966 866
1430 618 518
1431 542 442
1432 748 648
1433 413 313
1434 1046 946
1435 1032 932
1436 190 90
1437 155 55
1438 333 233
1439 308 208
1440 1063 963
1441 415 315
1442 172 72
1443 742 642
1444 389 289
1445 884 784
1446 1019 919
1447 375 275
1448 598 498
1449 754 654
1450 630 530
1451 577 477
1452 878 778
1453 397 297
1454 195 95
1455 767 667
1456 116 16
1457 744 644
1458 757 657
1459 565 465
1460 645 545
1461 205 105
1462 850 750
1463 440 340
1464 511 411
1465 674 574
1466 464 364
1467 123 23
1468 456 356
1469 785 685
1470 706 606
1471 694 594
1472 650 550
1473 931 831
1474 171 71
1475 553 453
1476 615 515
1477 942 842
1478 364 264
1479 739 639
1480 293 193
1481 251 151
1482 434 334
1483 650 550
1484 1048 948
1485 703 603
1486 120 20
1487 181 81
1488 551 451
1489 472 372
1490 447 347
1491 932 832
1492 285 185
1493 748 648
1494 525 425
1495 893 793
1496 325 225
1497 577 477
1498 774 674
1499 902 802
1500 1071 971
1501 593 493
1502 469 369
1503 712 612
1504 341 241
1505 989 889
1506 194 94
1507 1092 992
1508 185 85
1509 163 63
1510 911 811
1511 912 812
1512 115 15
1513 118 18
1514 1020 920
1515 291 191
1516 470 370
1517 460 360
1518 1074 974
1519 1047 947
1520 414 314
1521 232 132
1522 716 616
1523 877 777
1524 190 90
1525 507 407
1526 583 483
1527 321 221
1528 429 329
1529 120 20
1530 549 449
1531 489 389
1532 825 725
1533 532 432
1534 493 393
1535 727 627
1536 804 704
1537 207 107
1538 431 331
1539 751 651
1540 785 685
1541 339 239
1542 164 64
1543 927 827
1544 527 427
1545 854 754
1546 807 707
1547 1065 965
1548 176 76
1549 538 438
1550 1025 925
1551 572 472
1552 790 690
1553 466 366
1554 174 74
1555 721 621
1556 802 702
1557 662 562
1558 426 326
1559 915 815
1560 355 255
1561 865 765
1562 358 258
1563 695 595
1564 182 82
1565 1075 975
1566 840 740
1567 512 412
1568 310 210
1569 692 592
1570 1053 953
1571 212 112
1572 294 194
1573 967 867
1574 638 538
1575 303 203
1576 968 868
1577 591 491
1578 701 601
1579 413 313
1580 210 110
1581 730 630
1582 872 772
1583 1038 938
1584 142 42
1585 1099 999
1586 645 545
1587 866 766
1588 798 698
1589 141 41
1590 830 730
1591 922 822
1592 327 227
1593 819 719
1594 561 461
1595 112 12
1596 242 142
1597 331 231
1598 593 493
1599 410 310
1600 924 824
1601 141 41
1602 1006 906
1603 474 374
1604 1023 923
1605 629 529
1606 956 856
1607 409 309
1608 957 857
1609 279 179
1610 142 42
1611 1039 939
1612 983 883
1613 1016 916
1614 109 9
1615 643 543
1616 443 343
1617 246 146
1618 154 54
1619 920 820
1620 668 568
1621 663 563
1622 455 355
1623 428 328
1624 617 517
1625 241 141
1626 487 387
1627 208 108
1628 367 267
1629 682 582
1630 904 804
1631 1098 998
1632 951 851
1633 634 534
1634 922 822
1635 264 164
1636 650 550
1637 622 522
1638 870 770
1639 829 729
1640 1074 974
1641 283 183
1642 846 746
1643 1013 913
1644 487 387
1645 152 52
1646 503 403
1647 227 127
1648 380 280
1649 985 885
1650 664 564
1651 320 220
1652 514 414
1653 747 647
1654 978 878
1655 358 258
1656 271 171
1657 636 536
1658 813 713
1659 785 685
1660 562 462
1661 207 107
1662 435 335
1663 729 629
1664 922 822
1665 769 669
1666 698 598
1667 562 462
1668 879 779
1669 194 94
1670 1052 952
1671 208 108
1672 315 215
1673 1038 938
1674 1020 920
1675 123 23
1676 212 112
1677 519 419
1678 778 678
1679 1014 914
1680 519 419
1681 432 332
1682 901 801
1683 540 440
1684 803 703
1685 1038 938
1686 975 875
1687 940 840
1688 374 274
1689 635 535
1690 195 95
1691 310 210
1692 341 241
1693 963 863
1694 183 83
1695 474 374
1696 579 479
1697 257 157
1698 1003 903
1699 466 366
1700 524 424
1701 667 567
1702 1042 942
1703 347 247
1704 1007 907
1705 110 10
1706 641 541
1707 272 172
1708 535 435
1709 823 723
1710 227 127
1711 898 798
1712 544 444
1713 509 409
1714 188 88
1715 465 365
1716 837 737
1717 908 808
1718 708 608
1719 621 521
1720 190 90
1721 429 329
1722 216 116
1723 844 744
1724 459 359
1725 1028 928
1726 288 188
1727 545 445
1728 383 283
1729 569 469
1730 775 675
1731 1088 988
1732 997 897
1733 441 341
1734 868 768
1735 991 891
1736 1071 971
1737 1076 976
1738 184 84
1739 848 748
1740 896 796
1741 540 440
1742 575 475
1743 631 531
1744 310 210
1745 762 662
1746 1091 991
1747 890 790
1748 548 448
1749 949 849
1750 203 103
1751 554 454
1752 632 532
1753 1010 910
1754 488 388
1755 357 257
1756 724 624
1757 809 709
1758 364 264
1759 445 345
1760 515 415
1761 204 104
1762 841 741
1763 237 137
1764 117 17
1765 986 886
1766 939 839
1767 152 52
1768 697 597
1769 260 160
1770 365 265
1771 571 471
1772 235 135
1773 646 546
1774 383 283
1775 998 898
1776 912 812
1777 952 852
1778 160 60
1779 783 683
1780 484 384
1781 1058 958
1782 505 405
1783 575 475
1784 184 84
1785 555 455
1786 547 447
1787 885 785
1788 846 746
1789 933 833
1790 648 548
1791 635 535
1792 609 509
1793 379 279
1794 698 598
1795 1041 941
1796 881 781
1797 1063 963
1798 581 481
1799 968 868
1800 480 380
1801 543 443
1802 126 26
1803 652 552
1804 490 390
1805 468 368
1806 542 442
1807 236 136
1808 916 816
1809 649 549
1810 685 585
1811 829 729
1812 857 757
1813 635 535
1814 553 453
1815 473 373
1816 326 226
1817 760 660
1818 921 821
1819 743 643
1820 596 496
1821 903 803
1822 508 408
1823 640 540
1824 314 214
1825 143 43
1826 628 528
1827 990 890
1828 654 554
1829 747 647
1830 1038 938
1831 448 348
1832 439 339
1833 1083 983
1834 689 589
1835 797 697
1836 403 303
1837 794 694
1838 862 762
1839 1021 921
1840 101 1
1841 789 689
1842 136 36
1843 1074 974
1844 1100 1000
1845 883 783
1846 916 816
1847 249 149
1848 439 339
1849 872 772
1850 824 724
1851 649 549
1852 196 96
1853 108 8
1854 464 364
1855 971 871
1856 579 479
1857 877 777
1858 384 284
1859 888 788
1860 1020 920
1861 536 436
1862 335 235
1863 614 514
1864 304 204
1865 416 316
1866 1090 990
1867 796 696
1868 517 417
1869 516 416
1870 814 714
1871 613 513
1872 493 393
1873 504 404
1874 279 179
1875 707 607
1876 149 49
1877 105 5
1878 881 781
1879 935 835
1880 700 600
1881 968 868
1882 675 575
1883 1008 908
1884 728 628
1885 478 378
1886 534 434
1887 245 145
1888 264 164
1889 102 2
1890 486 386
1891 1052 952
1892 466 366
1893 191 91
1894 138 38
1895 243 143
1896 294 194
1897 867 767
1898 344 244
1899 1052 952
1900 266 166
1901 221 121
1902 639 539
1903 947 847
1904 335 235
1905 999 899
1906 841 741
1907 268 168
1908 665 565
1909 781 681
1910 967 867
1911 1056 956
1912 417 317
1913 901 801
1914 823 723
1915 413 313
1916 931 831
1917 396 296
1918 951 851
1919 656 556
1920 150 50
1921 980 880
1922 691 591
1923 1047 947
1924 145 45
1925 318 218
1926 1061 961
1927 263 163
1928 558 458
1929 407 307
1930 592 492
1931 276 176
1932 466 366
1933 205 105
1934 786 686
1935 363 263
1936 109 9
1937 317 217
1938 1029 929
1939 1084 984
1940 856 756
1941 876 776
1942 601 501
1943 528 428
1944 1090 990
1945 1088 988
1946 157 57
1947 307 207
1948 566 466
1949 454 354
1950 652 552
1951 750 650
1952 444 344
1953 124 24
1954 337 237
1955 873 773
1956 676 576
1957 972 872
1958 151 51
1959 1015 915
1960 940 840
1961 880 780
1962 235 135
1963 706 606
1964 1051 951
1965 310 210
1966 969 869
1967 844 744
1968 476 376
1969 953 853
1970 596 496
1971 543 443
1972 723 623
1973 178 78
1974 733 633
1975 1061 961
1976 949 849
1977 953 853
1978 1002 902
1979 901 801
1980 529 429
1981 396 296
1982 964 864
1983 400 300
1984 162 62
1985 473 373
1986 553 453
1987 111 11
1988 345 245
1989 1061 961
1990 190 90
1991 605 505
1992 257 157
1993 161 61
1994 736 636
1995 385 285
1996 1069 969
1997 476 376
1998 478 378
1999 609 509
2000 662 562
2001 689 589
2002 732 632
2003 134 34
2004 754 654
2005 1050 950
2006 113 13
2007 331 231
2008 473 373
2009 981 881
2010 845 745
2011 733 633
2012 954 854
2013 875 775
2014 517 417
2015 520 420
2016 849 749
2017 824 724
2018 350 250
2019 546 446
2020 422 322
2021 336 236
2022 853 753
2023 520 420
2024 768 668
2025 250 150
2026 437 337
2027 432 332
2028 978 878
2029 912 812
2030 787 687
2031 284 184
2032 344 244
2033 966 866
2034 183 83
2035 468 368
2036 483 383
2037 374 274
2038 924 824
2039 1082 982
2040 1049 949
2041 403 303
2042 357 257
2043 213 113
2044 584 484
2045 988 888
2046 823 723
2047 287 187
2048 1010 910
2049 397 297
2050 545 445
2051 115 15
2052 779 679
2053 492 392
2054 585 485
2055 874 774
2056 891 791
2057 1091 991
2058 646 546
2059 1003 903
2060 986 886
2061 258 158
2062 357 257
2063 136 36
2064 725 625
2065 1032 932
2066 800 700
2067 1044 944
2068 485 385
2069 652 552
2070 371 271
2071 964 864
2072 648 548
2073 322 222
2074 543 443
2075 269 169
2076 970 870
2077 841 741
2078 715 615
2079 628 528
2080 1065 965
2081 239 139
2082 908 808
2083 412 312
2084 476 376
2085 577 477
2086 833 733
2087 743 643
2088 129 29
2089 182 82
2090 237 137
2091 341 241
2092 948 848
2093 966 866
2094 196 96
2095 687 587
2096 897 797
2097 144 44
2098 509 409
2099 986 886
2100 435 335
2101 216 116
2102 582 482
2103 1027 927
2104 552 452
2105 493 393
2106 101 1
2107 145 45
2108 651 551
2109 375 275
2110 921 821
2111 109 9
2112 904 804
2113 690 590
2114 1084 984
2115 418 318
2116 431 331
2117 842 742
2118 957 857
2119 967 867
2120 528 428
2121 825 725
2122 158 58
2123 459 359
2124 1054 954
2125 836 736
2126 1007 907
2127 1018 918
2128 112 12
2129 849 749
2130 336 236
2131 175 75
2132 331 231
2133 1009 909
2134 937 837
2135 847 747
2136 146 46
2137 1034 934
2138 385 285
2139 219 119
2140 405 305
2141 714 614
2142 1044 944
2143 415 315
2144 354 254
2145 593 493
2146 163 63
2147 881 781
2148 645 545
2149 126 26
2150 147 47
2151 343 243
2152 744 644
2153 1021 921
2154 348 248
2155 960 860
2156 379 279
2157 767 667
2158 167 67
2159 234 134
2160 870 770
2161 344 244
2162 621 521
2163 346 246
2164 173 73
2165 602 502
2166 1033 933
2167 355 255
2168 728 628
2169 599 499
2170 970 870
2171 261 161
2172 786 686
2173 478 378
2174 1046 946
2175 259 159
2176 300 200
2177 196 96
2178 500 400
2179 894 794
2180 855 755
2181 670 570
2182 728 628
2183 329 229
2184 903 803
2185 430 330
2186 496 396
2187 471 371
2188 713 613
2189 586 486
2190 418 318
2191 948 848
2192 540 440
2193 1025 925
2194 350 250
2195 865 765
2196 686 586
2197 1060 960
2198 494 394
2199 877 777
2200 783 683
2201 256 156
2202 353 253
2203 492 392
2204 672 572
2205 356 256
2206 455 355
2207 962 862
2208 819 719
2209 162 62
2210 480 380
2211 228 128
2212 185 85
2213 300 200
2214 120 20
2215 233 133
2216 1072 972
2217 372 272
2218 558 458
2219 471 371
2220 932 832
2221 689 589
2222 976 876
2223 534 434
2224 329 229
2225 661 561
2226 818 718
2227 324 224
2228 273 173
2229 962 862
2230 451 351
2231 523 423
2232 584 484
2233 1029 929
2234 787 687
2235 737 637
2236 754 654
2237 195 95
2238 677 577
2239 672 572
2240 313 213
2241 650 550
2242 360 260
2243 182 82
2244 337 237
2245 267 167
2246 471 371
2247 759 659
2248 1035 935
2249 1093 993
2250 904 804
2251 536 436
2252 621 521
2253 508 408
2254 513 413
2255 171 71
2256 202 102
2257 988 888
2258 819 719
2259 933 833
2260 608 508
2261 504 404
2262 271 171
2263 1048 948
2264 752 652
2265 852 752
2266 1074 974
2267 658 558
2268 1014 914
2269 492 392
2270 891 791
2271 203 103
2272 473 373
2273 121 21
2274 1081 981
2275 619 519
2276 830 730
2277 441 341
2278 655 555
2279 320 220
2280 937 837
2281 752 652
2282 151 51
2283 857 757
2284 654 554
2285 329 229
2286 742 642
2287 666 566
2288 320 220
2289 649 549
2290 710 610
2291 105 5
2292 1040 940
2293 597 497
2294 518 418
2295 345 245
2296 210 110
2297 1091 991
2298 465 365
2299 1076 976
2300 650 550
2301 188 88
2302 542 442
2303 230 130
2304 197 97
2305 169 69
2306 184 84
2307 743 643
2308 882 782
2309 499 399
2310 279 179
2311 199 99
2312 159 59
2313 427 327
2314 343 243
2315 960 860
2316 167 67
2317 175 75
2318 190 90
2319 1018 918
2320 167 67
2321 544 444
2322 306 206
2323 669 569
2324 647 547
2325 144 44
2326 245 145
2327 1099 999
2328 524 424
2329 914 814
2330 396 296
2331 560 460
2332 860 760
2333 338 238
2334 133 33
2335 973 873
2336 196 96
2337 155 55
2338 993 893
2339 495 395
2340 481 381
2341 849 749
2342 464 364
2343 630 530
2344 753 653
2345 878 778
2346 1049 949
2347 593 493
2348 913 813
2349 1093 993
2350 727 627
2351 355 255
2352 796 696
2353 274 174
2354 828 728
2355 642 542
2356 592 492
2357 227 127
2358 391 291
2359 235 135
2360 534 434
2361 842 742
2362 1031 931
2363 987 887
2364 961 861
2365 639 539
2366 850 750
2367 310 210
2368 522 422
2369 674 574
2370 716 616
2371 603 503
2372 301 201
2373 644 544
2374 289 189
2375 853 753
2376 717 617
2377 602 502
2378 762 662
2379 544 444
2380 222 122
2381 928 828
2382 799 699
2383 855 755
2384 243 143
2385 929 829
2386 554 454
2387 1005 905
2388 489 389
2389 843 743
2390 980 880
2391 436 336
2392 263 163
2393 749 649
2394 697 597
2395 881 781
2396 224 124
2397 698 598
2398 624 524
2399 219 119
2400 376 276
2401 185 85
2402 516 416
2403 830 730
2404 507 407
2405 1008 908
2406 226 126
2407 267 167
2408 812 712
2409 495 395
2410 1097 997
2411 351 251
2412 789 689
2413 919 819
2414 369 269
2415 518 418
2416 358 258
2417 270 170
2418 227 127
2419 646 546
2420 685 585
2421 445 345
2422 116 16
2423 604 504
2424 735 635
2425 1019 919
2426 879 779
2427 1016 916
2428 465 365
2429 1012 912
2430 749 649
2431 526 426
2432 115 15
2433 790 690
2434 362 262
2435 334 234
2436 259 159
2437 994 894
2438 644 544
2439 707 607
2440 461 361
2441 287 187
2442 751 651
2443 716 616
2444 694 594
2445 479 379
2446 684 584
2447 960 860
2448 319 219
2449 838 738
2450 423 323
2451 535 435
2452 785 685
2453 432 332
2454 752 652
2455 837 737
2456 135 35
2457 858 758
2458 136 36
2459 515 415
2460 847 747
2461 239 139
2462 284 184
2463 770 670
2464 107 7
2465 836 736
2466 474 374
2467 577 477
2468 605 505
2469 230 130
2470 319 219
2471 890 790
2472 721 621
2473 263 163
2474 462 362
2475 1032 932
2476 684 584
2477 895 795
2478 676 576
2479 211 111
2480 911 811
2481 979 879
2482 388 288
2483 254 154
2484 625 525
2485 735 635
2486 335 235
2487 763 663
2488 609 509
2489 897 797
2490 1046 946
2491 1024 924
2492 695 595
2493 905 805
2494 759 659
2495 310 210
2496 573 473
2497 852 752
2498 545 445
2499 228 128
2500 675 575
2501 1021 921
2502 655 555
2503 678 578
2504 694 594
2505 476 376
2506 689 589
2507 159 59
2508 772 672
2509 113 13
2510 535 435
2511 937 837
2512 346 246
2513 289 189
2514 585 485
2515 482 382
2516 1094 994
2517 1050 950
2518 242 142
2519 538 438
2520 999 899
2521 305 205
2522 220 120
2523 127 27
2524 506 406
2525 590 490
2526 229 129
2527 748 648
2528 457 357
2529 297 197
2530 827 727
2531 595 495
2532 941 841
2533 405 305
2534 614 514
2535 761 661
2536 278 178
2537 816 716
2538 843 743
2539 204 104
2540 793 693
2541 182 82
2542 589 489
2543 233 133
2544 584 484
2545 559 459
2546 967 867
2547 987 887
2548 286 186
2549 283 183
2550 935 835
2551 553 453
2552 363 263
2553 682 582
2554 552 452
2555 191 91
2556 241 141
2557 254 154
2558 471 371
2559 740 640
2560 771 671
2561 426 326
2562 740 640
2563 1054 954
2564 863 763
2565 882 782
2566 948 848
2567 398 298
2568 934 834
2569 301 201
2570 211 111
2571 780 680
2572 696 596
2573 479 379
2574 169 69
2575 573 473
2576 776 676
2577 126 26
2578 676 576
2579 299 199
2580 813 713
2581 254 154
2582 804 704
2583 221 121
2584 1037 937
2585 502 402
2586 544 444
2587 1030 930
2588 990 890
2589 562 462
2590 436 336
2591 506 406
2592 901 801
2593 1010 910
2594 132 32
2595 1004 904
2596 387 287
2597 277 177
2598 319 219
2599 808 708
2600 952 852
2601 780 680
2602 134 34
2603 770 670
2604 556 456
2605 193 93
2606 672 572
2607 213 113
2608 613 513
2609 527 427
2610 471 371
2611 701 601
2612 137 37
2613 253 153
2614 227 127
2615 913 813
2616 240 140
2617 184 84
2618 865 765
2619 500 400
2620 969 869
2621 643 543
2622 1026 926
2623 613 513
2624 525 425
2625 507 407
2626 1034 934
2627 334 234
2628 968 868
2629 430 330
2630 730 630
2631 879 779
2632 885 785
2633 477 377
2634 403 303
2635 895 795
2636 266 166
2637 127 27
2638 481 381
2639 884 784
2640 829 729
2641 778 678
2642 625 525
2643 543 443
2644 916 816
2645 735 635
2646 1076 976
2647 494 394
2648 770 670
2649 148 48
2650 809 709
2651 346 246
2652 124 24
2653 143 43
2654 683 583
2655 644 544
2656 539 439
2657 300 200
2658 537 437
2659 497 397
2660 674 574
2661 112 12
2662 1005 905
2663 599 499
2664 871 771
2665 134 34
2666 594 494
2667 917 817
2668 665 565
2669 854 754
2670 528 428
2671 489 389
2672 528 428
2673 428 328
2674 826 726
2675 519 419
2676 167 67
2677 373 273
2678 615 515
2679 432 332
2680 185 85
2681 416 316
2682 735 635
2683 782 682
2684 129 29
2685 1010 910
2686 156 56
2687 640 540
2688 414 314
2689 849 749
2690 957 857
2691 413 313
2692 181 81
2693 829 729
2694 945 845
2695 503 403
2696 422 322
2697 326 226
2698 433 333
2699 283 183
2700 114 14
2701 1088 988
2702 374 274
2703 1076 976
2704 122 22
2705 1067 967
2706 1006 906
2707 593 493
2708 410 310
2709 1067 967
2710 252 152
2711 312 212
2712 452 352
2713 383 283
2714 1026 926
2715 928 828
2716 360 260
2717 1010 910
2718 778 678
2719 336 236
2720 526 426
2721 260 160
2722 243 143
2723 765 665
2724 639 539
2725 822 722
2726 247 147
2727 638 538
2728 186 86
2729 661 561
2730 198 98
2731 1052 952
2732 1093 993
2733 458 358
2734 466 366
2735 655 555
2736 297 197
2737 246 146
2738 379 279
2739 1062 962
2740 243 143
2741 647 547
2742 1099 999
2743 859 759
2744 937 837
2745 526 426
2746 316 216
2747 675 575
2748 565 465
2749 241 141
2750 354 254
2751 896 796
2752 1014 914
2753 688 588
2754 541 441
2755 122 22
2756 138 38
2757 599 499
2758 944 844
2759 108 8
2760 515 415
2761 387 287
2762 848 748
2763 738 638
2764 386 286
2765 747 647
2766 994 894
2767 543 443
2768 130 30
2769 808 708
2770 1039 939
2771 904 804
2772 466 366
2773 675 575
2774 1008 908
2775 1089 989
2776 688 588
2777 648 548
2778 367 267
2779 808 708
2780 334 234
2781 936 836
2782 1026 926
2783 692 592
2784 402 302
2785 618 518
2786 401 301
2787 184 84
2788 135 35
2789 356 256
2790 296 196
2791 530 430
2792 166 66
2793 1083 983
2794 503 403
2795 312 212
2796 1038 938
2797 1050 950
2798 385 285
2799 610 510
2800 1080 980
2801 630 530
2802 873 773
2803 146 46
2804 141 41
2805 473 373
2806 482 382
2807 189 89
2808 185 85
2809 639 539
2810 1073 973
2811 1061 961
2812 817 717
2813 447 347
2814 766 666
2815 385 285
2816 804 704
2817 634 534
2818 437 337
2819 844 744
2820 162 62
2821 908 808
2822 268 168
2823 328 228
2824 627 527
2825 954 854
2826 631 531
2827 637 537
2828 715 615
2829 748 648
2830 223 123
2831 802 702
2832 264 164
2833 746 646
2834 470 370
2835 319 219
2836 464 364
2837 1052 952
2838 442 342
2839 169 69
2840 329 229
2841 781 681
2842 1059 959
2843 1059 959
2844 118 18
2845 831 731
2846 805 705
2847 381 281
2848 818 718
2849 1091 991
2850 1044 944
2851 1004 904
2852 722 622
2853 1042 942
2854 309 209
2855 915 815
2856 915 815
2857 899 799
2858 704 604
2859 802 702
2860 457 357
2861 1018 918
2862 149 49
2863 608 508
2864 945 845
2865 707 607
2866 804 704
2867 559 459
2868 465 365
2869 352 252
2870 353 253
2871 860 760
2872 287 187
2873 615 515
2874 1046 946
2875 252 152
2876 827 727
2877 628 528
2878 771 671
2879 417 317
2880 283 183
2881 172 72
2882 854 754
2883 951 851
2884 333 233
2885 114 14
2886 722 622
2887 102 2
2888 802 702
2889 317 217
2890 796 696
2891 500 400
2892 686 586
2893 1020 920
2894 798 698
2895 301 201
2896 209 109
2897 255 155
2898 421 321
2899 303 203
2900 648 548
2901 393 293
2902 286 186
2903 663 563
2904 748 648
2905 480 380
2906 218 118
2907 720 620
2908 795 695
2909 307 207
2910 586 486
2911 315 215
2912 958 858
2913 1022 922
2914 524 424
2915 257 157
2916 245 145
2917 967 867
2918 1009 909
2919 479 379
2920 181 81
2921 716 616
2922 254 154
2923 1080 980
2924 387 287
2925 572 472
2926 336 236
2927 384 284
2928 413 313
2929 724 624
2930 359 259
2931 223 123
2932 781 681
2933 507 407
2934 365 265
2935 390 290
2936 229 129
2937 388 288
2938 916 816
2939 925 825
2940 1057 957
2941 899 799
2942 1000 900
2943 848 748
2944 950 850
2945 894 794
2946 984 884
2947 994 894
2948 523 423
2949 480 380
2950 236 136
2951 1080 980
2952 642 542
2953 917 817
2954 398 298
2955 1019 919
2956 1098 998
2957 242 142
2958 755 655
2959 659 559
2960 1090 990
2961 588 488
2962 435 335
2963 184 84
2964 787 687
2965 696 596
2966 852 752
2967 387 287
2968 178 78
2969 973 873
2970 584 484
2971 727 627
2972 962 862
2973 804 704
2974 229 129
2975 1058 958
2976 313 213
2977 1088 988
2978 319 219
2979 713 613
2980 775 675
2981 977 877
2982 393 293
2983 1047 947
2984 700 600
2985 891 791
2986 556 456
2987 288 188
2988 254 154
2989 789 689
2990 308 208
2991 524 424
2992 656 556
2993 737 637
2994 413 313
2995 492 392
2996 624 524
2997 718 618
2998 1055 955
2999 273 173
3000 297 197
3001 564 464
3002 866 766
3003 592 492
3004 864 764
3005 1091 991
3006 366 266
3007 1081 981
3008 317 217
3009 997 897
3010 815 715
3011 1090 990
3012 590 490
3013 996 896
3014 214 114
3015 839 739
3016 732 632
3017 874 774
3018 710 610
3019 602 502
3020 1091 991
3021 619 519
3022 441 341
3023 187 87
3024 474 374
3025 152 52
3026 518 418
3027 508 408
3028 804 704
3029 1089 989
3030 265 165
3031 941 841
3032 268 168
3033 462 362
3034 952 852
3035 542 442
3036 319 219
3037 620 520
3038 153 53
3039 189 89
3040 443 343
3041 403 303
3042 413 313
3043 757 657
3044 909 809
3045 402 302
3046 757 657
3047 662 562
3048 738 638
3049 476 376
3050 405 305
3051 699 599
3052 501 401
3053 679 579
3054 871 771
3055 947 847
3056 324 224
3057 750 650
3058 389 289
3059 751 651
3060 803 703
3061 707 607
3062 767 667
3063 369 269
3064 174 74
3065 640 540
3066 735 635
3067 1066 966
3068 794 694
3069 402 302
3070 1016 916
3071 867 767
3072 1081 981
3073 853 753
3074 219 119
3075 316 216
3076 771 671
3077 909 809
3078 819 719
3079 981 881
3080 151 51
3081 397 297
3082 443 343
3083 576 476
3084 1058 958
3085 919 819
3086 629 529
3087 678 578
3088 533 433
3089 400 300
3090 190 90
3091 229 129
3092 639 539
3093 1024 924
3094 797 697
3095 182 82
3096 552 452
3097 948 848
3098 402 302
3099 492 392
3100 606 506
3101 862 762
3102 1010 910
3103 775 675
3104 1085 985
3105 1085 985
3106 796 696
3107 439 339
3108 585 485
3109 214 114
3110 527 427
3111 157 57
3112 181 81
3113 269 169
3114 507 407
3115 1075 975
3116 297 197
3117 1050 950
3118 1035 935
3119 554 454
3120 305 205
3121 643 543
3122 586 486
3123 1090 990
3124 384 284
3125 503 403
3126 549 449
3127 314 214
3128 828 728
3129 139 39
3130 214 114
3131 268 168
3132 701 601
3133 665 565
3134 941 841
3135 476 376
3136 799 699
3137 130 30
3138 484 384
3139 371 271
3140 1009 909
3141 748 648
3142 299 199
3143 936 836
3144 358 258
3145 1031 931
3146 453 353
3147 623 523
3148 430 330
3149 811 711
3150 852 752
3151 142 42
3152 713 613
3153 819 719
3154 1016 916
3155 798 698
3156 891 791
3157 172 72
3158 832 732
3159 1055 955
3160 783 683
3161 595 495
3162 1039 939
3163 800 700
3164 670 570
3165 538 438
3166 162 62
3167 485 385
3168 488 388
3169 771 671
3170 585 485
3171 875 775
3172 1060 960
3173 337 237
3174 417 317
3175 185 85
3176 669 569
3177 778 678
3178 624 524
3179 192 92
3180 709 609
3181 236 136
3182 299 199
3183 569 469
3184 345 245
3185 462 362
3186 199 99
3187 1037 937
3188 121 21
3189 868 768
3190 1028 928
3191 287 187
3192 323 223
3193 423 323
3194 888 788
3195 241 141
3196 439 339
3197 1061 961
3198 211 111
3199 942 842
3200 838 738
3201 801 701
3202 218 118
3203 920 820
3204 704 604
3205 519 419
3206 521 421
3207 699 599
3208 733 633
3209 202 102
3210 451 351
3211 136 36
3212 472 372
3213 189 89
3214 202 102
3215 543 443
3216 1083 983
3217 181 81
3218 772 672
3219 1058 958
3220 282 182
3221 1057 957
3222 1050 950
3223 143 43
3224 316 216
3225 245 145
3226 123 23
3227 874 774
3228 514 414
3229 114 14
3230 768 668
3231 220 120
3232 1028 928
3233 903 803
3234 648 548
3235 331 231
3236 1006 906
3237 509 409
3238 448 348
3239 1043 943
3240 426 326
3241 332 232
3242 1093 993
3243 381 281
3244 754 654
3245 706 606
3246 795 695
3247 861 761
3248 310 210
3249 456 356
3250 618 518
3251 370 270
3252 956 856
3253 111 11
3254 863 763
3255 1067 967
3256 975 875
3257 721 621
3258 1080 980
3259 673 573
3260 1033 933
3261 1040 940
3262 352 252
3263 674 574
3264 504 404
3265 969 869
3266 732 632
3267 426 326
3268 772 672
3269 171 71
3270 326 226
3271 699 599
3272 813 713
3273 121 21
3274 234 134
3275 687 587
3276 996 896
3277 588 488
3278 366 266
3279 810 710
3280 577 477
3281 705 605
3282 753 653
3283 906 806
3284 912 812
3285 583 483
3286 1037 937
3287 962 862
3288 394 294
3289 987 887
3290 975 875
3291 875 775
3292 574 474
3293 919 819
3294 667 567
3295 101 1
3296 935 835
3297 303 203
3298 252 152
3299 929 829
3300 866 766
3301 898 798
3302 226 126
3303 570 470
3304 726 626
3305 977 877
3306 735 635
3307 872 772
3308 652 552
3309 976 876
3310 310 210
3311 861 761
3312 761 661
3313 1014 914
3314 298 198
3315 271 171
3316 222 122
3317 357 257
3318 1064 964
3319 754 654
3320 637 537
3321 725 625
3322 331 231
3323 857 757
3324 964 864
3325 580 480
3326 334 234
3327 1087 987
3328 578 478
3329 445 345
3330 1096 996
3331 794 694
3332 816 716
3333 142 42
3334 799 699
3335 143 43
3336 717 617
3337 219 119
3338 103 3
3339 556 456
3340 138 38
3341 657 557
3342 978 878
3343 357 257
3344 154 54
3345 785 685
3346 410 310
3347 630 530
3348 265 165
3349 800 700
3350 1049 949
3351 910 810
3352 663 563
3353 784 684
3354 728 628
3355 211 111
3356 1064 964
3357 236 136
3358 654 554
3359 230 130
3360 779 679
3361 887 787
3362 434 334
3363 1066 966
3364 1020 920
3365 725 625
3366 214 114
3367 969 869
3368 785 685
3369 391 291
3370 114 14
3371 739 639
3372 227 127
3373 225 125
3374 396 296
3375 469 369
3376 544 444
3377 565 465
3378 391 291
3379 181 81
3380 602 502
3381 656 556
3382 660 560
3383 307 207
3384 252 152
3385 611 511
3386 650 550
3387 366 266
3388 915 815
3389 226 126
3390 767 667
3391 753 653
3392 204 104
3393 1057 957
3394 501 401
3395 164 64
3396 619 519
3397 785 685
3398 426 326
3399 840 740
3400 433 333
3401 289 189
3402 956 856
3403 504 404
3404 650 550
3405 1071 971
3406 519 419
3407 846 746
3408 908 808
3409 962 862
3410 131 31
3411 699 599
3412 509 409
3413 688 588
3414 103 3
3415 830 730
3416 1003 903
3417 763 663
3418 650 550
3419 625 525
3420 894 794
3421 141 41
3422 275 175
3423 645 545
3424 215 115
3425 1024 924
3426 623 523
3427 317 217
3428 387 287
3429 762 662
3430 298 198
3431 344 244
3432 202 102
3433 191 91
3434 376 276
3435 452 352
3436 877 777
3437 561 461
3438 129 29
3439 1022 922
3440 379 279
3441 1086 986
3442 779 679
3443 376 276
3444 873 773
3445 542 442
3446 700 600
3447 223 123
3448 634 534
3449 101 1
3450 477 377
3451 983 883
3452 659 559
3453 216 116
3454 486 386
3455 294 194
3456 240 140
3457 1058 958
3458 416 316
3459 649 549
3460 948 848
3461 999 899
3462 859 759
3463 977 877
3464 303 203
3465 715 615
3466 960 860
3467 235 135
3468 171 71
3469 1077 977
3470 514 414
3471 200 100
3472 105 5
3473 1090 990
3474 575 475
3475 857 757
3476 529 429
3477 709 609
3478 356 256
3479 932 832
3480 118 18
3481 997 897
3482 965 865
3483 980 880
3484 129 29
3485 862 762
3486 280 180
3487 136 36
3488 368 268
3489 483 383
3490 237 137
3491 310 210
3492 226 126
3493 771 671
3494 563 463
3495 794 694
3496 1068 968
3497 1075 975
3498 485 385
3499 727 627
3500 104 4
3501 486 386
3502 525 425
3503 1023 923
3504 115 15
3505 494 394
3506 281 181
3507 572 472
3508 666 566
3509 211 111
3510 137 37
3511 880 780
3512 905 805
3513 202 102
3514 1066 966
3515 196 96
3516 371 271
3517 667 567
3518 929 829
3519 934 834
3520 454 354
3521 842 742
3522 566 466
3523 831 731
3524 1006 906
3525 416 316
3526 1005 905
3527 553 453
3528 122 22
3529 575 475
3530 251 151
3531 509 409
3532 670 570
3533 780 680
3534 739 639
3535 1012 912
3536 634 534
3537 757 657
3538 338 238
3539 462 362
3540 1080 980
3541 170 70
3542 733 633
3543 788 688
3544 628 528
3545 321 221
3546 1010 910
3547 631 531
3548 757 657
3549 691 591
3550 971 871
3551 408 308
3552 1075 975
3553 163 63
3554 252 152
3555 813 713
3556 808 708
3557 246 146
3558 1062 962
3559 705 605
3560 260 160
3561 558 458
3562 690 590
3563 1003 903
3564 726 626
3565 825 725
3566 489 389
3567 923 823
3568 276 176
3569 375 275
3570 149 49
3571 1061 961
3572 286 186
3573 1036 936
3574 830 730
3575 711 611
3576 667 567
3577 740 640
3578 254 154
3579 292 192
3580 733 633
3581 401 301
3582 305 205
3583 139 39
3584 1027 927
3585 582 482
3586 1085 985
3587 933 833
3588 1045 945
3589 610 510
3590 575 475
3591 326 226
3592 313 213
3593 519 419
3594 1059 959
3595 1010 910
3596 139 39
3597 438 338
3598 942 842
3599 1061 961
3600 524 424
3601 902 802
3602 288 188
3603 123 23
3604 510 410
3605 314 214
3606 294 194
3607 1035 935
3608 878 778
3609 664 564
3610 960 860
3611 151 51
3612 127 27
3613 807 707
3614 921 821
3615 364 264
3616 742 642
3617 352 252
3618 278 178
3619 726 626
3620 862 762
3621 1019 919
3622 395 295
3623 998 898
3624 770 670
3625 470 370
3626 274 174
3627 413 313
3628 864 764
3629 630 530
3630 199 99
3631 137 37
3632 723 623
3633 1016 916
3634 893 793
3635 256 156
3636 223 123
3637 818 718
3638 961 861
3639 778 678
3640 167 67
3641 691 591
3642 1039 939
3643 616 516
3644 435 335
3645 1020 920
3646 627 527
3647 409 309
3648 994 894
3649 782 682
3650 648 548
3651 1072 972
3652 536 436
3653 536 436
3654 750 650
3655 1012 912
3656 1029 929
3657 300 200
3658 1074 974
3659 448 348
3660 1086 986
3661 917 817
3662 237 137
3663 790 690
3664 740 640
3665 283 183
3666 611 511
3667 994 894
3668 394 294
3669 532 432
3670 257 157
3671 521 421
3672 401 301
3673 1088 988
3674 871 771
3675 461 361
3676 1031 931
3677 485 385
3678 1011 911
3679 1012 912
3680 845 745
3681 931 831
3682 696 596
3683 1100 1000
3684 544 444
3685 615 515
3686 662 562
3687 349 249
3688 891 791
3689 640 540
3690 130 30
3691 740 640
3692 388 288
3693 773 673
3694 395 295
3695 750 650
3696 917 817
3697 520 420
3698 497 397
3699 723 623
3700 823 723
3701 347 247
3702 1015 915
3703 837 737
3704 205 105
3705 375 275
3706 894 794
3707 767 667
3708 527 427
3709 367 267
3710 1080 980
3711 864 764
3712 240 140
3713 690 590
3714 293 193
3715 598 498
3716 210 110
3717 701 601
3718 703 603
3719 336 236
3720 233 133
3721 103 3
3722 636 536
3723 698 598
3724 523 423
3725 561 461
3726 304 204
3727 821 721
3728 646 546
3729 735 635
3730 835 735
3731 286 186
3732 858 758
3733 380 280
3734 911 811
3735 249 149
3736 399 299
3737 394 294
3738 1089 989
3739 904 804
3740 529 429
3741 759 659
3742 442 342
3743 616 516
3744 1049 949
3745 567 467
3746 380 280
3747 987 887
3748 214 114
3749 709 609
3750 751 651
3751 1062 962
3752 1016 916
3753 605 505
3754 336 236
3755 192 92
3756 442 342
3757 339 239
3758 104 4
3759 979 879
3760 336 236
3761 390 290
3762 931 831
3763 749 649
3764 243 143
3765 606 506
3766 108 8
3767 994 894
3768 622 522
3769 330 230
3770 469 369
3771 1071 971
3772 876 776
3773 534 434
3774 803 703
3775 894 794
3776 806 706
3777 459 359
3778 429 329
3779 1061 961
3780 1023 923
3781 104 4
3782 224 124
3783 945 845
3784 251 151
3785 895 795
3786 696 596
3787 137 37
3788 756 656
3789 1009 909
3790 1080 980
3791 531 431
3792 1061 961
3793 491 391
3794 961 861
3795 232 132
3796 850 750
3797 477 377
3798 223 123
3799 613 513
3800 273 173
3801 298 198
3802 618 518
3803 698 598
3804 1074 974
3805 387 287
3806 978 878
3807 691 591
3808 511 411
3809 812 712
3810 424 324
3811 384 284
3812 334 234
3813 290 190
3814 513 413
3815 279 179
3816 1038 938
3817 873 773
3818 631 531
3819 482 382
3820 124 24
3821 965 865
3822 288 188
3823 1099 999
3824 719 619
3825 668 568
3826 106 6
3827 593 493
3828 1086 986
3829 401 301
3830 830 730
3831 464 364
3832 640 540
3833 1049 949
3834 682 582
3835 394 294
3836 782 682
3837 267 167
3838 753 653
3839 934 834
3840 916 816
3841 461 361
3842 941 841
3843 160 60
3844 243 143
3845 1087 987
3846 706 606
3847 219 119
3848 917 817
3849 452 352
3850 519 419
3851 1070 970
3852 339 239
3853 980 880
3854 459 359
3855 828 728
3856 728 628
3857 448 348
3858 236 136
3859 359 259
3860 480 380
3861 174 74
3862 607 507
3863 227 127
3864 940 840
3865 645 545
3866 693 593
3867 689 589
3868 799 699
3869 815 715
3870 801 701
3871 111 11
3872 810 710
3873 524 424
3874 864 764
3875 695 595
3876 871 771
3877 198 98
3878 503 403
3879 949 849
3880 625 525
3881 451 351
3882 682 582
3883 105 5
3884 927 827
3885 742 642
3886 937 837
3887 670 570
3888 1096 996
3889 1030 930
3890 231 131
3891 727 627
3892 502 402
3893 834 734
3894 588 488
3895 632 532
3896 986 886
3897 688 588
3898 116 16
3899 1015 915
3900 349 249
3901 462 362
3902 707 607
3903 868 768
3904 925 825
3905 261 161
3906 626 526
3907 647 547
3908 565 465
3909 614 514
3910 881 781
3911 651 551
3912 121 21
3913 819 719
3914 868 768
3915 1076 976
3916 705 605
3917 214 114
3918 723 623
3919 821 721
3920 437 337
3921 372 272
3922 878 778
3923 989 889
3924 344 244
3925 647 547
3926 497 397
3927 150 50
3928 102 2
3929 787 687
3930 720 620
3931 291 191
3932 224 124
3933 593 493
3934 853 753
3935 1006 906
3936 873 773
3937 697 597
3938 582 482
3939 425 325
3940 862 762
3941 418 318
3942 998 898
3943 562 462
3944 985 885
3945 1060 960
3946 527 427
3947 480 380
3948 111 11
3949 1094 994
3950 716 616
3951 865 765
3952 663 563
3953 1015 915
3954 1084 984
3955 919 819
3956 335 235
3957 548 448
3958 322 222
3959 155 55
3960 937 837
3961 863 763
3962 625 525
3963 811 711
3964 543 443
3965 768 668
3966 359 259
3967 877 777
3968 131 31
3969 315 215
3970 690 590
3971 126 26
3972 604 504
3973 169 69
3974 570 470
3975 893 793
3976 1079 979
3977 1007 907
3978 175 75
3979 1052 952
3980 244 144
3981 602 502
3982 422 322
3983 149 49
3984 543 443
3985 154 54
3986 586 486
3987 608 508
3988 1083 983
3989 323 223
3990 1071 971
3991 1089 989
3992 177 77
3993 360 260
3994 224 124
3995 627 527
3996 595 495
3997 719 619
3998 766 666
3999 959 859
4000 187 87
4001 958 858
4002 352 252
4003 363 263
4004 1080 980
4005 657 557
4006 358 258
4007 606 506
4008 124 24
4009 549 449
4010 873 773
4011 1041 941
4012 399 299
4013 1049 949
4014 615 515
4015 119 19
4016 116 16
4017 829 729
4018 954 854
4019 278 178
4020 412 312
4021 900 800
4022 1005 905
4023 648 548
4024 906 806
4025 489 389
4026 284 184
4027 127 27
4028 257 157
4029 1063 963
4030 576 476
4031 402 302
4032 898 798
4033 372 272
4034 806 706
4035 421 321
4036 257 157
4037 419 319
4038 754 654
4039 342 242
4040 179 79
4041 818 718
4042 617 517
4043 613 513
4044 699 599
4045 740 640
4046 1088 988
4047 300 200
4048 316 216
4049 888 788
4050 120 20
4051 294 194
4052 493 393
4053 213 113
4054 709 609
4055 541 441
4056 569 469
4057 992 892
4058 712 612
4059 739 639
4060 776 676
4061 196 96
4062 248 148
4063 768 668
4064 411 311
4065 905 805
4066 112 12
4067 115 15
4068 170 70
4069 965 865
4070 397 297
4071 809 709
4072 552 452
4073 776 676
4074 331 231
4075 109 9
4076 486 386
4077 332 232
4078 296 196
4079 842 742
4080 956 856
4081 163 63
4082 1067 967
4083 1072 972
4084 515 415
4085 554 454
4086 1003 903
4087 158 58
4088 1031 931
4089 175 75
4090 223 123
4091 1084 984
4092 349 249
4093 667 567
4094 1009 909
4095 542 442
4096 851 751
4097 324 224
4098 776 676
4099 103 3
4100 294 194
4101 564 464
4102 234 134
4103 1073 973
4104 1009 909
4105 971 871
4106 286 186
4107 1083 983
4108 263 163
4109 824 724
4110 599 499
4111 345 245
4112 253 153
4113 872 772
4114 716 616
4115 1053 953
4116 927 827
4117 865 765
4118 260 160
4119 210 110
4120 537 437
4121 822 722
4122 955 855
4123 105 5
4124 404 304
4125 813 713
4126 307 207
4127 324 224
4128 1054 954
4129 114 14
4130 196 96
4131 317 217
4132 560 460
4133 815 715
4134 947 847
4135 686 586
4136 735 635
4137 560 460
4138 967 867
4139 839 739
4140 874 774
4141 718 618
4142 759 659
4143 753 653
4144 783 683
4145 172 72
4146 1018 918
4147 1036 936
4148 176 76
4149 584 484
4150 419 319
4151 445 345
4152 742 642
4153 610 510
4154 247 147
4155 688 588
4156 315 215
4157 579 479
4158 675 575
4159 657 557
4160 893 793
4161 310 210
4162 152 52
4163 109 9
4164 669 569
4165 568 468
4166 297 197
4167 1015 915
4168 893 793
4169 985 885
4170 152 52
4171 191 91
4172 334 234
4173 223 123
4174 501 401
4175 285 185
4176 892 792
4177 1026 926
4178 806 706
4179 391 291
4180 670 570
4181 122 22
4182 935 835
4183 417 317
4184 1051 951
4185 491 391
4186 456 356
4187 813 713
4188 563 463
4189 1016 916
4190 843 743
4191 429 329
4192 733 633
4193 838 738
4194 645 545
4195 546 446
4196 559 459
4197 1009 909
4198 381 281
4199 257 157
4200 944 844
4201 550 450
4202 195 95
4203 466 366
4204 850 750
4205 216 116
4206 917 817
4207 910 810
4208 907 807
4209 957 857
4210 127 27
4211 632 532
4212 274 174
4213 560 460
4214 340 240
4215 868 768
4216 835 735
4217 805 705
4218 1058 958
4219 807 707
4220 358 258
4221 477 377
4222 489 389
4223 718 618
4224 561 461
4225 427 327
4226 921 821
4227 970 870
4228 391 291
4229 827 727
4230 863 763
4231 886 786
4232 866 766
4233 1005 905
4234 1005 905
4235 664 564
4236 953 853
4237 1087 987
4238 604 504
4239 354 254
4240 532 432
4241 1100 1000
4242 924 824
4243 351 251
4244 664 564
4245 657 557
4246 546 446
4247 511 411
4248 318 218
4249 802 702
4250 111 11
4251 266 166
4252 695 595
4253 121 21
4254 481 381
4255 983 883
4256 113 13
4257 239 139
4258 289 189
4259 439 339
4260 156 56
4261 660 560
4262 620 520
4263 731 631
4264 279 179
4265 544 444
4266 261 161
4267 935 835
4268 185 85
4269 452 352
4270 289 189
4271 873 773
4272 160 60
4273 1051 951
4274 1014 914
4275 475 375
4276 295 195
4277 220 120
4278 1090 990
4279 852 752
4280 827 727
4281 436 336
4282 440 340
4283 464 364
4284 982 882
4285 771 671
4286 785 685
4287 724 624
4288 911 811
4289 213 113
4290 727 627
4291 227 127
4292 852 752
4293 130 30
4294 331 231
4295 779 679
4296 687 587
4297 844 744
4298 775 675
4299 435 335
4300 840 740
4301 548 448
4302 1066 966
4303 381 281
4304 787 687
4305 717 617
4306 1018 918
4307 463 363
4308 1022 922
4309 582 482
4310 824 724
4311 389 289
4312 754 654
4313 246 146
4314 359 259
4315 914 814
4316 145 45
4317 819 719
4318 661 561
4319 268 168
4320 976 876
4321 594 494
4322 973 873
4323 915 815
4324 234 134
4325 615 515
4326 818 718
4327 1020 920
4328 827 727
4329 518 418
4330 423 323
4331 570 470
4332 1085 985
4333 339 239
4334 1032 932
4335 371 271
4336 963 863
4337 592 492
4338 1095 995
4339 810 710
4340 629 529
4341 739 639
4342 423 323
4343 375 275
4344 897 797
4345 378 278
4346 207 107
4347 952 852
4348 555 455
4349 584 484
4350 330 230
4351 234 134
4352 451 351
4353 765 665
4354 841 741
4355 903 803
4356 573 473
4357 705 605
4358 193 93
4359 331 231
4360 857 757
4361 849 749
4362 514 414
4363 729 629
4364 539 439
4365 1015 915
4366 377 277
4367 371 271
4368 446 346
4369 257 157
4370 439 339
4371 978 878
4372 406 306
4373 1038 938
4374 254 154
4375 368 268
4376 568 468
4377 139 39
4378 282 182
4379 738 638
4380 808 708
4381 957 857
4382 568 468
4383 608 508
4384 882 782
4385 568 468
4386 394 294
4387 589 489
4388 826 726
4389 616 516
4390 1094 994
4391 907 807
4392 853 753
4393 1011 911
4394 406 306
4395 312 212
4396 257 157
4397 640 540
4398 1053 953
4399 657 557
4400 209 109
4401 271 171
4402 422 322
4403 829 729
4404 1047 947
4405 258 158
4406 317 217
4407 168 68
4408 760 660
4409 593 493
4410 338 238
4411 591 491
4412 377 277
4413 318 218
4414 539 439
4415 664 564
4416 285 185
4417 144 44
4418 507 407
4419 462 362
4420 874 774
4421 125 25
4422 672 572
4423 255 155
4424 948 848
4425 971 871
4426 356 256
4427 975 875
4428 697 597
4429 749 649
4430 145 45
4431 1026 926
4432 563 463
4433 381 281
4434 589 489
4435 374 274
4436 430 330
4437 345 245
4438 210 110
4439 824 724
4440 1090 990
4441 755 655
4442 110 10
4443 948 848
4444 629 529
4445 327 227
4446 795 695
4447 171 71
4448 258 158
4449 848 748
4450 607 507
4451 856 756
4452 141 41
4453 405 305
4454 990 890
4455 852 752
4456 554 454
4457 962 862
4458 825 725
4459 1056 956
4460 896 796
4461 640 540
4462 622 522
4463 292 192
4464 1082 982
4465 1018 918
4466 644 544
4467 262 162
4468 651 551
4469 400 300
4470 577 477
4471 281 181
4472 973 873
4473 672 572
4474 648 548
4475 911 811
4476 177 77
4477 371 271
4478 887 787
4479 750 650
4480 251 151
4481 505 405
4482 933 833
4483 574 474
4484 180 80
4485 562 462
4486 163 63
4487 566 466
4488 628 528
4489 642 542
4490 437 337
4491 1000 900
4492 528 428
4493 695 595
4494 960 860
4495 178 78
4496 683 583
4497 585 485
4498 543 443
4499 470 370
4500 366 266
4501 882 782
4502 125 25
4503 455 355
4504 176 76
4505 782 682
4506 1091 991
4507 971 871
4508 927 827
4509 721 621
4510 848 748
4511 720 620
4512 658 558
4513 968 868
4514 1022 922
4515 429 329
4516 988 888
4517 788 688
4518 572 472
4519 480 380
4520 158 58
4521 461 361
4522 783 683
4523 217 117
4524 1006 906
4525 335 235
4526 747 647
4527 369 269
4528 446 346
4529 1078 978
4530 281 181
4531 803 703
4532 681 581
4533 950 850
4534 690 590
4535 594 494
4536 765 665
4537 340 240
4538 266 166
4539 752 652
4540 665 565
4541 966 866
4542 858 758
4543 489 389
4544 290 190
4545 964 864
4546 796 696
4547 873 773
4548 640 540
4549 763 663
4550 1000 900
4551 198 98
4552 835 735
4553 886 786
4554 954 854
4555 587 487
4556 775 675
4557 361 261
4558 196 96
4559 702 602
4560 695 595
4561 823 723
4562 538 438
4563 608 508
4564 787 687
4565 419 319
4566 401 301
4567 402 302
4568 724 624
4569 184 84
4570 910 810
4571 725 625
4572 559 459
4573 740 640
4574 776 676
4575 850 750
4576 979 879
4577 580 480
4578 817 717
4579 193 93
4580 863 763
4581 651 551
4582 142 42
4583 172 72
4584 354 254
4585 993 893
4586 391 291
4587 843 743
4588 911 811
4589 888 788
4590 769 669
4591 333 233
4592 244 144
4593 512 412
4594 892 792
4595 1029 929
4596 690 590
4597 102 2
4598 407 307
4599 795 695
4600 603 503
4601 1004 904
4602 1005 905
4603 733 633
4604 758 658
4605 1064 964
4606 418 318
4607 825 725
4608 361 261
4609 800 700
4610 346 246
4611 937 837
4612 530 430
4613 813 713
4614 190 90
4615 559 459
4616 333 233
4617 117 17
4618 529 429
4619 1076 976
4620 411 311
4621 128 28
4622 786 686
4623 978 878
4624 667 567
4625 333 233
4626 233 133
4627 1013 913
4628 584 484
4629 575 475
4630 689 589
4631 285 185
4632 425 325
4633 985 885
4634 152 52
4635 158 58
4636 319 219
4637 1022 922
4638 694 594
4639 149 49
4640 585 485
4641 741 641
4642 711 611
4643 368 268
4644 420 320
4645 182 82
4646 900 800
4647 713 613
4648 344 244
4649 211 111
4650 309 209
4651 218 118
4652 275 175
4653 1055 955
4654 292 192
4655 222 122
4656 105 5
4657 581 481
4658 843 743
4659 858 758
4660 244 144
4661 770 670
4662 911 811
4663 268 168
4664 924 824
4665 432 332
4666 192 92
4667 535 435
4668 189 89
4669 859 759
4670 616 516
4671 341 241
4672 537 437
4673 349 249
4674 658 558
4675 844 744
4676 152 52
4677 578 478
4678 663 563
4679 750 650
4680 982 882
4681 881 781
4682 382 282
4683 289 189
4684 978 878
4685 385 285
4686 222 122
4687 957 857
4688 706 606
4689 810 710
4690 830 730
4691 392 292
4692 201 101
4693 105 5
4694 1021 921
4695 270 170
4696 961 861
4697 221 121
4698 381 281
4699 993 893
4700 112 12
4701 303 203
4702 627 527
4703 860 760
4704 699 599
4705 749 649
4706 976 876
4707 609 509
4708 290 190
4709 910 810
4710 204 104
4711 659 559
4712 783 683
4713 217 117
4714 269 169
4715 781 681
4716 616 516
4717 227 127
4718 1045 945
4719 964 864
4720 150 50
4721 645 545
4722 259 159
4723 684 584
4724 767 667
4725 667 567
4726 489 389
4727 409 309
4728 135 35
4729 348 248
4730 1048 948
4731 257 157
4732 495 395
4733 525 425
4734 717 617
4735 1093 993
4736 853 753
4737 918 818
4738 155 55
4739 1043 943
4740 471 371
4741 313 213
4742 433 333
4743 575 475
4744 912 812
4745 838 738
4746 1019 919
4747 1073 973
4748 609 509
4749 685 585
4750 709 609
4751 776 676
4752 536 436
4753 370 270
4754 618 518
4755 946 846
4756 986 886
4757 334 234
4758 993 893
4759 277 177
4760 154 54
4761 682 582
4762 103 3
4763 885 785
4764 283 183
4765 240 140
4766 348 248
4767 602 502
4768 788 688
4769 282 182
4770 884 784
4771 1042 942
4772 250 150
4773 330 230
4774 973 873
4775 912 812
4776 368 268
4777 978 878
4778 526 426
4779 584 484
4780 611 511
4781 747 647
4782 235 135
4783 804 704
4784 1084 984
4785 538 438
4786 1024 924
4787 187 87
4788 756 656
4789 668 568
4790 419 319
4791 870 770
4792 131 31
4793 471 371
4794 654 554
4795 222 122
4796 306 206
4797 867 767
4798 102 2
4799 505 405
4800 858 758
4801 363 263
4802 966 866
4803 634 534
4804 761 661
4805 563 463
4806 921 821
4807 800 700
4808 1067 967
4809 279 179
4810 398 298
4811 455 355
4812 191 91
4813 527 427
4814 162 62
4815 672 572
4816 259 159
4817 938 838
4818 604 504
4819 862 762
4820 255 155
4821 974 874
4822 205 105
4823 992 892
4824 653 553
4825 288 188
4826 563 463
4827 634 534
4828 501 401
4829 318 218
4830 927 827
4831 389 289
4832 625 525
4833 797 697
4834 727 627
4835 812 712
4836 579 479
4837 941 841
4838 544 444
4839 747 647
4840 1017 917
4841 884 784
4842 1018 918
4843 114 14
4844 286 186
4845 559 459
4846 933 833
4847 734 634
4848 582 482
4849 803 703
4850 436 336
4851 114 14
4852 211 111
4853 1046 946
4854 861 761
4855 113 13
4856 315 215
4857 775 675
4858 1024 924
4859 369 269
4860 833 733
4861 889 789
4862 974 874
4863 1078 978
4864 445 345
4865 689 589
4866 583 483
4867 913 813
4868 981 881
4869 218 118
4870 373 273
4871 394 294
4872 558 458
4873 361 261
4874 173 73
4875 583 483
4876 569 469
4877 721 621
4878 475 375
4879 813 713
4880 617 517
4881 383 283
4882 790 690
4883 443 343
4884 502 402
4885 286 186
4886 1028 928
4887 558 458
4888 976 876
4889 121 21
4890 950 850
4891 619 519
4892 679 579
4893 772 672
4894 957 857
4895 304 204
4896 485 385
4897 504 404
4898 671 571
4899 1002 902
4900 141 41
4901 524 424
4902 741 641
4903 934 834
4904 229 129
4905 773 673
4906 425 325
4907 1024 924
4908 1044 944
4909 727 627
4910 892 792
4911 915 815
4912 643 543
4913 1022 922
4914 907 807
4915 281 181
4916 738 638
4917 432 332
4918 746 646
4919 422 322
4920 873 773
4921 1041 941
4922 643 543
4923 448 348
4924 619 519
4925 748 648
4926 156 56
4927 550 450
4928 1045 945
4929 477 377
4930 141 41
4931 449 349
4932 351 251
4933 609 509
4934 483 383
4935 496 396
4936 554 454
4937 432 332
4938 313 213
4939 623 523
4940 883 783
4941 920 820
4942 372 272
4943 808 708
4944 459 359
4945 1011 911
4946 798 698
4947 397 297
4948 456 356
4949 591 491
4950 389 289
4951 516 416
4952 355 255
4953 259 159
4954 397 297
4955 386 286
4956 458 358
4957 840 740
4958 946 846
4959 352 252
4960 422 322
4961 244 144
4962 651 551
4963 989 889
4964 427 327
4965 806 706
4966 989 889
4967 363 263
4968 624 524
4969 786 686
4970 959 859
4971 1004 904
4972 395 295
4973 682 582
4974 260 160
4975 814 714
4976 527 427
4977 476 376
4978 902 802
4979 350 250
4980 515 415
4981 934 834
4982 1042 942
4983 613 513
4984 809 709
4985 177 77
4986 703 603
4987 497 397
4988 719 619
4989 712 612
4990 1001 901
4991 656 556
4992 463 363
4993 415 315
4994 214 114
4995 507 407
4996 412 312
4997 705 605
4998 923 823
4999 979 879
5000 658 558
;
